{
  "advancedEditorSelectedIdentifier" : "ProjectBrowser",
  "openSceneRelativePaths" : [
    "Immersive.usda"
  ],
  "recentIdentifiers" : {
    "1D572CEB-057A-41C3-B575-04C37501A3C0" : [

    ]
  },
  "sceneCameraHistory" : {
    "1D572CEB-057A-41C3-B575-04C37501A3C0" : [
      {
        "date" : 768890733.921103,
        "title" : "Untitled",
        "transform" : [
          0.73934096,
          0.0034560757,
          -0.6733224,
          0,
          -0.52986765,
          0.6200146,
          -0.5786382,
          0,
          0.4154699,
          0.7845827,
          0.46023348,
          0,
          20.302437,
          38.406883,
          12.549953,
          1
        ]
      },
      {
        "date" : 768890725.720555,
        "title" : "Untitled",
        "transform" : [
          0.89054346,
          -0.005594378,
          -0.45486364,
          0,
          -0.3539586,
          0.6195645,
          -0.7006091,
          0,
          0.28573683,
          0.7849258,
          0.5497689,
          0,
          9.229403,
          31.152729,
          34.912483,
          1
        ]
      },
      {
        "date" : 768890684.204412,
        "title" : "Untitled",
        "transform" : [
          0.9979214,
          -1.0178393e-06,
          -0.06444349,
          0,
          -0.051092003,
          0.60944504,
          -0.7911803,
          0,
          0.03927557,
          0.7928284,
          0.6081782,
          0,
          9.229403,
          31.152729,
          34.912483,
          1
        ]
      },
      {
        "date" : 768890649.271866,
        "title" : "Untitled",
        "transform" : [
          0.9979214,
          -1.0178393e-06,
          -0.06444349,
          0,
          -0.051092003,
          0.60944504,
          -0.7911803,
          0,
          0.03927557,
          0.7928284,
          0.6081782,
          0,
          5.0938516,
          36.444042,
          28.281713,
          1
        ]
      },
      {
        "date" : 768890623.172101,
        "title" : "Untitled",
        "transform" : [
          0.99792165,
          -4.0959367e-06,
          -0.0644395,
          0,
          -0.051086962,
          0.60944504,
          -0.7911807,
          0,
          0.03927557,
          0.7928284,
          0.6081782,
          0,
          5.0938516,
          36.444042,
          28.281713,
          1
        ]
      },
      {
        "date" : 768890617.286381,
        "title" : "Untitled",
        "transform" : [
          0.9979222,
          -1.0369e-05,
          -0.064431354,
          0,
          -0.05107669,
          0.60944504,
          -0.7911813,
          0,
          0.03927557,
          0.7928284,
          0.6081782,
          0,
          5.0938516,
          36.444042,
          28.281713,
          1
        ]
      },
      {
        "date" : 768890614.503392,
        "title" : "Untitled",
        "transform" : [
          0.9979222,
          -1.0369e-05,
          -0.064431354,
          0,
          -0.05107669,
          0.60944504,
          -0.7911813,
          0,
          0.03927557,
          0.7928284,
          0.6081782,
          0,
          4.0033646,
          36.052612,
          28.862406,
          1
        ]
      },
      {
        "date" : 768890612.452908,
        "title" : "Untitled",
        "transform" : [
          0.9979222,
          -1.0369e-05,
          -0.064431354,
          0,
          -0.05107669,
          0.60944504,
          -0.7911813,
          0,
          0.03927557,
          0.7928284,
          0.6081782,
          0,
          0.94628716,
          36.15134,
          28.931124,
          1
        ]
      },
      {
        "date" : 768890609.703336,
        "title" : "Untitled",
        "transform" : [
          0.9979222,
          -1.0369e-05,
          -0.064431354,
          0,
          -0.05107669,
          0.60944504,
          -0.7911813,
          0,
          0.03927557,
          0.7928284,
          0.6081782,
          0,
          4.0608425,
          35.36758,
          29.751707,
          1
        ]
      },
      {
        "date" : 768890607.019888,
        "title" : "Untitled",
        "transform" : [
          0.9979222,
          -1.0369e-05,
          -0.064431354,
          0,
          -0.05107669,
          0.60944504,
          -0.7911813,
          0,
          0.03927557,
          0.7928284,
          0.6081782,
          0,
          7.1591454,
          34.779007,
          30.318884,
          1
        ]
      }
    ]
  },
  "sceneViewportBackgroundColors" : {

  }
}